Sample	QualiMap_mqc_generalstats_qualimap_avg_gc	QualiMap_mqc_generalstats_qualimap_median_insert_size	QualiMap_mqc_generalstats_qualimap_mqc_1_x_pc	QualiMap_mqc_generalstats_qualimap_mqc_5_x_pc	QualiMap_mqc_generalstats_qualimap_mqc_10_x_pc	QualiMap_mqc_generalstats_qualimap_mqc_30_x_pc	QualiMap_mqc_generalstats_qualimap_mqc_50_x_pc	QualiMap_mqc_generalstats_qualimap_median_coverage	QualiMap_mqc_generalstats_qualimap_mean_coverage	QualiMap_mqc_generalstats_qualimap_general_error_rate	QualiMap_mqc_generalstats_qualimap_percentage_aligned	QualiMap_mqc_generalstats_qualimap_mapped_reads	QualiMap_mqc_generalstats_qualimap_total_reads	Samtools: flagstat_mqc_generalstats_samtools_flagstat_flagstat_total_1	Samtools: flagstat_mqc_generalstats_samtools_flagstat_mapped_passed_1	Samtools: flagstat_mqc_generalstats_samtools_flagstat_mapped_passed_pct_1	FastQC_mqc_generalstats_fastqc_percent_duplicates	FastQC_mqc_generalstats_fastqc_percent_gc	FastQC_mqc_generalstats_fastqc_avg_sequence_length	FastQC_mqc_generalstats_fastqc_median_sequence_length	FastQC_mqc_generalstats_fastqc_percent_fails	FastQC_mqc_generalstats_fastqc_total_sequences
17														0.38276	0.375766	98.17						
17.qualimap	38.84773178442761	98	100.0	100.0	100.0	100.0	100.0	1075														
17.sort									1190.2282	0.26	98.17274532344028	0.375766	0.38276									
17_S1.R1																	72.28756727211571	39.0	102.75427283047426	102	36.36363636363637	0.190272
17_S1.R2																	71.42038765556677	40.0	105.05068533467878	102	36.36363636363637	0.190272
18														0.029332999999999998	0.026038	88.77						
18.qualimap	40.03995621237	96	94.32244242099625	90.97036243527941	88.76986252454918	72.58525263345831	54.97232637029102	54														
18.sort									80.0204	0.2	88.76691780588416	0.026038	0.029332999999999998									
18_S2.R1																	75.6454270804724	42.0	97.88471573743477	97	36.36363636363637	0.014563999999999999
18_S2.R2																	72.49382037901675	43.0	99.81248283438616	97	36.36363636363637	0.014563999999999999
20														0.8066479999999999	0.801441	99.35						
20.qualimap	38.120258526025154	102	100.0	100.0	100.0	100.0	100.0	2455														
20.sort									2783.3319	0.16999999999999998	99.35448919479128	0.801441	0.8066479999999999									
20_S3.R1																	76.88971375401455	38.0	106.28227896227075	102	18.181818181818183	0.399796
20_S3.R2																	76.13307786971356	39.0	107.84055118110236	107	18.181818181818183	0.399796
21														0.489272	0.486363	99.41						
21.qualimap	38.1356021823251	102	100.0	100.0	100.0	100.0	100.0	1586														
21.sort									1816.6367	0.18	99.40544318906457	0.486363	0.489272									
21_S4.R1																	81.5172078897444	38.0	107.36402207416491	107	18.181818181818183	0.242999
21_S4.R2																	80.5624714504998	38.0	108.55896526323154	107	18.181818181818183	0.242999
22														0.44078999999999996	0.438552	99.49						
22.qualimap	37.883528757707474	103	100.0	100.0	100.0	100.0	100.0	1514														
22.sort									1726.8985	0.16999999999999998	99.4922752331042	0.438552	0.44078999999999996									
22_S5.R1																	84.86534131649015	38.0	107.08032937372408	107	18.181818181818183	0.218961
22_S5.R2																	84.12091651024612	38.0	108.74198144875115	107	18.181818181818183	0.218961
23														0.290935	0.286084	98.33						
23.qualimap	37.8933922016073	102	100.0	100.0	100.0	100.0	100.0	767														
23.sort									879.3704	0.22	98.33261725127606	0.286084	0.290935									
23_S6.R1																	68.37038989139631	38.0	104.12748796759921	102	36.36363636363637	0.144194
23_S6.R2																	67.4965671248457	39.0	105.67311399919552	102	36.36363636363637	0.144194
24														0.4261	0.423465	99.38						
24.qualimap	38.103435459034664	103	100.0	100.0	100.0	100.0	100.0	1534														
24.sort									1644.5646	0.21	99.38160056324806	0.423465	0.4261									
24_S7.R1																	83.52074575376552	38.0	107.11388485682508	107	18.181818181818183	0.212188
24_S7.R2																	82.9976247478651	38.0	107.95644899805832	107	18.181818181818183	0.212188
25														0.318641	0.317198	99.55						
25.qualimap	37.828343248836006	104	100.0	100.0	100.0	100.0	100.0	1210														
25.sort									1350.4519	0.16999999999999998	99.54713925703221	0.317198	0.318641									
25_S8.R1																	90.3462332073424	37.0	107.59958858383236	107	18.181818181818183	0.15847699999999998
25_S8.R2																	89.36564927402715	38.0	109.52702915880538	107	18.181818181818183	0.15847699999999998
26														0.384829	0.38194999999999996	99.25						
26.qualimap	38.20096173702688	102	100.0	100.0	100.0	100.0	100.0	1307														
26.sort									1480.6033	0.22999999999999998	99.25187550834266	0.38194999999999996	0.384829									
26_S9.R1																	84.03668574771237	38.0	106.76905319015586	102	18.181818181818183	0.191464
26_S9.R2																	83.2824969707099	38.0	106.93765929887603	102	18.181818181818183	0.191464
27														0.175947	0.174986	99.45						
27.qualimap	38.00357325165902	103	100.0	100.0	100.0	100.0	100.0	602														
27.sort									683.9118	0.22999999999999998	99.45381279589877	0.174986	0.175947									
27_S10.R1																	83.67939246547056	38.0	106.87583168907447	107	18.181818181818183	0.087172
27_S10.R2																	83.00256963245079	38.0	108.2990639196072	107	18.181818181818183	0.087172
28														0.385801	0.38369	99.45						
28.qualimap	38.04255499392879	103	100.0	100.0	100.0	100.0	100.0	1354														
28.sort									1545.7796	0.18	99.45282671636414	0.38369	0.385801									
28_S11.R1																	86.6128233853529	38.0	107.07217778704114	107	18.181818181818183	0.191915
28_S11.R2																	85.69731391501446	38.0	108.63218612406534	107	18.181818181818183	0.191915
29														0.5300159999999999	0.528435	99.7						
29.qualimap	38.0308819220627	102	100.0	100.0	100.0	100.0	100.0	1978														
29.sort									2235.7022	0.21	99.70170711827568	0.528435	0.5300159999999999									
29_S12.R1																	91.53705990881784	38.0	107.04466096396932	102	18.181818181818183	0.262332
29_S12.R2																	90.7639937178842	38.0	108.62244407849595	107	18.181818181818183	0.262332
30														0.515743	0.513196	99.51						
30.qualimap	37.93297343986182	103	100.0	100.0	100.0	100.0	100.0	1872														
30.sort									2020.7513	0.18	99.50614938060235	0.513196	0.515743									
30_S13.R1																	85.04898037271155	38.0	107.1083893285648	107	18.181818181818183	0.256123
30_S13.R2																	84.12950027916274	38.0	109.20726369752033	107	18.181818181818183	0.256123
31														0.45194199999999995	0.4497	99.5						
31.qualimap	38.01804939114602	103	100.0	100.0	100.0	100.0	100.0	1682														
31.sort									1918.6348	0.22	99.50391864442783	0.4497	0.45194199999999995									
31_S14.R1																	91.06125150474634	38.0	107.99656629101683	107	18.181818181818183	0.225121
31_S14.R2																	90.22881028424713	38.0	109.25625330377886	107	18.181818181818183	0.225121
32														0.716671	0.711849	99.33						
32.qualimap	37.95832975046003	103	100.0	100.0	100.0	100.0	100.0	2350														
32.sort									2540.2282	0.2	99.32716685899109	0.711849	0.716671									
32_S15.R1																	78.76022983522469	38.0	106.11476559002959	102	18.181818181818183	0.355211
32_S15.R2																	78.00912696960398	38.0	107.73959139778891	107	18.181818181818183	0.355211
33														0.662957	0.657519	99.18						
33.qualimap	37.85532126740433	103	100.0	100.0	100.0	100.0	99.99107302267453	2462														
33.sort									2720.2861	0.25	99.17973563896301	0.657519	0.662957									
33_S16.R1																	89.31168575708514	38.0	106.66378973808047	107	18.181818181818183	0.330445
33_S16.R2																	88.3560047814311	38.0	108.1570397494288	107	18.181818181818183	0.330445
34														0.626845	0.624111	99.56						
34.qualimap	37.869128512996426	103	100.0	100.0	100.0	100.0	99.98660953401178	2356														
34.sort									2649.188	0.26	99.56384752211471	0.624111	0.626845									
34_S17.R1																	90.90533331197231	37.0	106.81821560742722	107	18.181818181818183	0.312095
34_S17.R2																	90.07001073391115	38.0	108.8311219340265	107	18.181818181818183	0.312095
35														0.440787	0.437337	99.22						
35.qualimap	37.9880836688417	103	100.0	100.0	100.0	100.0	100.0	1683														
35.sort									1888.9243	0.22	99.21730904042089	0.437337	0.440787									
35_S18.R1																	92.76509187546074	38.0	107.02500523312432	102	18.181818181818183	0.21975399999999998
35_S18.R2																	91.73166358746599	38.0	108.69182358455363	107	18.181818181818183	0.21975399999999998
36														0.531778	0.530582	99.78						
36.qualimap	37.70987351701148	103	100.0	100.0	100.0	100.0	100.0	2046														
36.sort									2226.77	0.16	99.77509411822226	0.530582	0.531778									
36_S19.R1																	90.39117511363894	37.0	107.43330282792682	107	18.181818181818183	0.264434
36_S19.R2																	89.55278065604271	38.0	108.84545860214646	107	18.181818181818183	0.264434
37														0.300035	0.299195	99.72						
37.qualimap	37.72327089337177	104	100.0	100.0	100.0	100.0	100.0	1106														
37.sort									1211.7959	0.19	99.720032662856	0.299195	0.300035									
37_S20.R1																	86.16303654730342	37.0	108.93602711682384	107	18.181818181818183	0.148985
37_S20.R2																	85.74688727053059	38.0	110.23673524180286	107	18.181818181818183	0.148985
38														0.307309	0.30603199999999997	99.58						
38.qualimap	37.83665766327308	103	100.0	100.0	100.0	100.0	100.0	1107														
38.sort									1260.9952	0.21	99.58445733772847	0.30603199999999997	0.307309									
38_S21.R1																	87.95643106052187	38.0	106.92597726098867	102	18.181818181818183	0.152953
38_S21.R2																	87.28432917301393	38.0	108.47713349852569	107	18.181818181818183	0.152953
39														0.40030499999999997	0.397943	99.41						
39.qualimap	38.0628790888624	103	100.0	100.0	100.0	99.98660953401178	99.98660953401178	1468														
39.sort									1648.5944	0.2	99.40994991319118	0.397943	0.40030499999999997									
39_S22.R1																	90.50458347541773	38.0	106.87477182917779	107	18.181818181818183	0.19941199999999998
39_S22.R2																	89.80903857340581	38.0	107.40317032074299	107	18.181818181818183	0.19941199999999998
42														0.577789	0.5722659999999999	99.04						
42.qualimap	37.468847199671345	102	100.0	100.0	100.0	100.0	100.0	1931														
42.sort									2232.2224	0.18	99.04411472007948	0.5722659999999999	0.577789									
42_S23.R1																	85.12420536027723	38.0	107.43593353005988	107	27.27272727272727	0.287709
42_S23.R2																	84.08322297877369	38.0	108.42098787316351	107	18.181818181818183	0.287709
43														0.443741	0.442197	99.65						
43.qualimap	37.98297862266518	102	100.0	100.0	100.0	100.0	100.0	1625														
43.sort									1844.8209	0.22	99.6520492809995	0.442197	0.443741									
43_S24.R1																	89.91577612751313	38.0	106.87478717623618	102	18.181818181818183	0.22083999999999998
43_S24.R2																	88.91867415323311	38.0	108.58738453178772	107	18.181818181818183	0.22083999999999998
44														0.113934	0.11363699999999999	99.74						
44.qualimap	38.0269930947897	103	100.0	100.0	100.0	100.0	100.0	419														
44.sort									486.1751	0.13	99.73932276581179	0.11363699999999999	0.113934									
44_S1.R1																	89.80453368335166	38.0	107.68154244563482	107	18.181818181818183	0.056378
44_S1.R2																	89.82936606477705	38.0	109.49806662173188	107	18.181818181818183	0.056378
45														0.11995	0.119297	99.46						
45.qualimap	38.22288773935929	103	100.0	100.0	100.0	100.0	100.0	420														
45.sort									480.0862	0.13	99.45560650270946	0.119297	0.11995									
45_S2.R1																	85.3174669777278	38.0	107.28383209412397	107	18.181818181818183	0.059580999999999995
45_S2.R2																	85.34767795102465	38.0	108.51825246303352	107	18.181818181818183	0.059580999999999995
46														0.141535	0.14099	99.61						
46.qualimap	38.13314889692842	104	100.0	100.0	100.0	100.0	100.0	549														
46.sort									614.118	0.13999999999999999	99.61493623485357	0.14099	0.141535									
46_S3.R1																	91.45051194539249	38.0	108.75422354948806	107	18.181818181818183	0.07032
46_S3.R2																	91.43771331058021	38.0	109.77636518771331	107	18.181818181818183	0.07032
47														0.11887099999999999	0.11841399999999999	99.62						
47.qualimap	38.11170349987101	103	100.0	100.0	100.0	100.0	100.0	452														
47.sort									507.4403	0.13	99.61554962943022	0.11841399999999999	0.11887099999999999									
47_S4.R1																	90.23018682565761	38.0	108.53010721726316	107	18.181818181818183	0.059038999999999994
47_S4.R2																	90.18784193499212	38.0	109.59901082335405	107	18.181818181818183	0.059038999999999994
48														0.108846	0.108433	99.62						
48.qualimap	38.27625684420111	103	100.0	100.0	100.0	99.98660953401178	99.98214604534904	392														
48.sort									438.4734	0.26	99.62056483472061	0.108433	0.108846									
48_S5.R1																	85.65925925925926	38.0	107.39155555555556	107	18.181818181818183	0.054
48_S5.R2																	85.48703703703704	38.0	108.75685185185185	107	18.181818181818183	0.054
50														0.134053	0.133259	99.41						
50.qualimap	37.965431304767264	102	100.0	100.0	100.0	100.0	100.0	475														
50.sort									543.1032	0.2	99.40769695568171	0.133259	0.134053									
50_S6.R1																	86.97657646829033	38.0	107.07933049867032	102	18.181818181818183	0.06655699999999999
50_S6.R2																	86.96605916733026	38.0	108.30343915741395	107	18.181818181818183	0.06655699999999999
51														0.11977499999999999	0.11925	99.56						
51.qualimap	38.018775372124495	103	100.0	100.0	100.0	100.0	100.0	456														
51.sort									516.4982	0.18	99.56167814652474	0.11925	0.11977499999999999									
51_S7.R1																	91.20454392686698	38.0	108.04498554816159	107	18.181818181818183	0.059508
51_S7.R2																	91.24151374605096	38.0	108.72536465685286	107	18.181818181818183	0.059508
52														0.106337	0.105726	99.43						
52.qualimap	38.02519021180342	102	100.0	100.0	100.0	100.0	100.0	370														
52.sort									424.5921	0.2	99.42541166292071	0.105726	0.106337									
52_S8.R1																	84.87925720012859	38.0	106.25120553696034	102	18.181818181818183	0.052881
52_S8.R2																	84.73364724570261	38.0	107.925171611732	107	27.27272727272727	0.052881
53														0.11220999999999999	0.111871	99.7						
53.qualimap	38.21358080579447	104	100.0	100.0	100.0	100.0	100.0	426														
53.sort									481.2808	0.19	99.69788788877997	0.111871	0.11220999999999999									
53_S9.R1																	88.95930201245893	38.0	109.57478053246683	107	18.181818181818183	0.055702999999999996
53_S9.R2																	89.00418289858715	38.0	109.66140064269429	107	18.181818181818183	0.055702999999999996
54														0.126966	0.12638	99.54						
54.qualimap	38.16994437044581	104	100.0	100.0	100.0	100.0	100.0	482														
54.sort									556.462	0.18	99.53845911503866	0.12638	0.126966									
54_S10.R1																	91.63097251418546	38.0	108.18541465804738	107	18.181818181818183	0.06326899999999999
54_S10.R2																	91.22002876606237	38.0	109.4477232135801	107	18.181818181818183	0.06326899999999999
55														0.11216799999999999	0.11157399999999999	99.47						
55.qualimap	38.254727043537294	103	100.0	100.0	100.0	100.0	100.0	393														
55.sort									449.8133	0.2	99.47043720134084	0.11157399999999999	0.11216799999999999									
55_S11.R1																	84.4121081469505	38.0	107.5131950058385	107	18.181818181818183	0.055665
55_S11.R2																	84.25581604239648	38.0	109.01388664331267	107	18.181818181818183	0.055665
56														0.096852	0.096007	99.13						
56.qualimap	38.499714969786794	103	100.0	100.0	100.0	100.0	100.0	333														
56.sort									382.6913	0.21	99.12753479535786	0.096007	0.096852									
56_S12.R1																	82.38662296170284	38.0	106.58578482220655	107	18.181818181818183	0.048201999999999995
56_S12.R2																	82.22687855275714	39.0	108.12441392473342	107	18.181818181818183	0.048201999999999995
57														0.07336999999999999	0.072957	99.44						
57.qualimap	38.45031557316895	103	100.0	100.0	100.0	100.0	98.97339760757008	276														
57.sort									297.0872	0.2	99.43709963200217	0.072957	0.07336999999999999									
57_S13.R1																	83.40177398160316	38.0	107.4641097240473	107	18.181818181818183	0.036528
57_S13.R2																	83.25667980727113	38.0	109.32542159439335	107	18.181818181818183	0.036528
58														0.14042	0.140159	99.81						
58.qualimap	38.04474401262011	105	100.0	100.0	100.0	100.0	100.0	554														
58.sort									607.7947	0.19	99.81412904144709	0.140159	0.14042									
58_S14.R1																	89.41638254591297	38.0	109.17935421023981	107	18.181818181818183	0.06980599999999999
58_S14.R2																	89.51666045898634	38.0	110.15404119989685	107	18.181818181818183	0.06980599999999999
59														0.11523699999999999	0.11453999999999999	99.4						
59.qualimap	38.23393220966846	104	100.0	100.0	100.0	100.0	100.0	430														
59.sort									470.8771	0.16	99.3951595407725	0.11453999999999999	0.11523699999999999									
59_S15.R1																	85.17415534656914	38.0	108.40614768373389	107	27.27272727272727	0.05742
59_S15.R2																	84.89202368512713	38.0	109.66569139672588	107	18.181818181818183	0.05742
60														0.125616	0.125162	99.64						
60.qualimap	38.169776419494944	105	100.0	100.0	100.0	100.0	100.0	502														
60.sort									541.8788	0.15	99.63858107247484	0.125162	0.125616									
60_S16.R1																	89.08068021992072	38.0	108.38558048842859	107	18.181818181818183	0.062568
60_S16.R2																	89.01674977624344	38.0	109.71734752589182	107	18.181818181818183	0.062568
61														0.034637	0.033211	95.88						
61.qualimap	37.87138810198301	102	100.0	100.0	100.0	90.3588644884842	70.21067666488128	69														
61.sort									76.9821	0.16	95.88301527268528	0.033211	0.034637									
61_S17.R1																	50.79569389187924	39.0	98.1246197051252	97	36.36363636363637	0.017092
61_S17.R2																	50.421249707465485	40.0	100.12871518839223	102	36.36363636363637	0.017092
62														0.05678	0.056007999999999995	98.64						
62.qualimap	38.513330898466016	103	100.0	100.0	100.0	100.0	99.39296554186753	218														
62.sort									238.682	0.2	98.64036632617119	0.056007999999999995	0.05678									
62_S18.R1																	87.91469194312796	39.0	107.53374124637476	107	36.36363636363637	0.028273999999999997
62_S18.R2																	87.45490556695196	39.0	108.89481502440404	107	36.36363636363637	0.028273999999999997
63														0.113215	0.112829	99.66						
63.qualimap	38.080703378065714	104	100.0	100.0	100.0	100.0	100.0	434														
63.sort									470.9698	0.21	99.6590557788279	0.112829	0.113215									
63_S19.R1																	85.82182517084283	38.0	108.28585919703872	107	9.090909090909092	0.056192
63_S19.R2																	85.88589123006834	38.0	109.43347807517084	107	18.181818181818183	0.056192
64														0.10507599999999999	0.103791	98.78						
64.qualimap	37.90168918918918	103	100.0	100.0	99.98660953401178	99.96875557936083	99.93304767005891	347														
64.sort									387.0284	0.25	98.77707564048879	0.103791	0.10507599999999999									
64_S20.R1																	77.24940653955127	38.0	108.03149169155371	107	27.27272727272727	0.052236
64_S20.R2																	77.42553028562676	38.0	109.020483957424	107	18.181818181818183	0.052236
65														0.099254	0.09888799999999999	99.63						
65.qualimap	38.28957844238031	104	100.0	100.0	100.0	100.0	100.0	394														
65.sort									427.3995	0.21	99.63124911842344	0.09888799999999999	0.099254									
65_S21.R1																	88.9293296936609	38.0	107.9320796683854	107	18.181818181818183	0.049455
65_S21.R2																	88.87877868769588	38.0	109.40175917500758	107	18.181818181818183	0.049455
66														0.12839599999999998	0.127917	99.63						
66.qualimap	37.95402394413036	104	100.0	100.0	100.0	100.0	100.0	477														
66.sort									524.1294	0.16	99.62693541854887	0.127917	0.12839599999999998									
66_S22.R1																	85.15503693596199	38.0	107.92697501529196	107	18.181818181818183	0.063759
66_S22.R2																	84.97937546071927	38.0	108.32103703006635	107	18.181818181818183	0.063759
67														0.119714	0.11921999999999999	99.59						
67.qualimap	38.2914759478366	104	100.0	100.0	100.0	100.0	100.0	458														
67.sort									504.9622	0.15	99.58734985047697	0.11921999999999999	0.119714									
67_S23.R1																	87.50440399295361	38.0	108.9854877946481	107	18.181818181818183	0.059605
67_S23.R2																	87.50272628135224	38.0	109.76545591812767	107	18.181818181818183	0.059605
68														0.11655499999999999	0.11555199999999999	99.14						
68.qualimap	38.266579053780845	103	100.0	100.0	100.0	100.0	100.0	395														
68.sort									431.3105	0.15	99.13946205653983	0.11555199999999999	0.11655499999999999									
68_S24.R1																	78.26410136735294	38.0	107.40766478245087	107	18.181818181818183	0.057849
68_S24.R2																	78.09988072395375	38.0	108.82680772355616	107	18.181818181818183	0.057849
69														0.10393	0.103277	99.37						
69.qualimap	37.61123005060335	103	100.0	100.0	100.0	100.0	100.0	404														
69.sort									448.5345	0.15	99.37169248532666	0.103277	0.10393									
69_S25.R1																	90.97459673524583	37.0	107.81997488650633	107	18.181818181818183	0.051765
69_S25.R2																	90.71959818410123	38.0	108.82273737081039	107	18.181818181818183	0.051765
70														0.099936	0.09962299999999999	99.69						
70.qualimap	38.06564330438296	104	100.0	100.0	100.0	100.0	100.0	387														
70.sort									431.9214	0.13999999999999999	99.68679955171311	0.09962299999999999	0.099936									
70_S26.R1																	90.62449702237245	38.0	107.74420569773056	107	18.181818181818183	0.049704
70_S26.R2																	90.49573474971834	38.0	109.34075728311605	107	18.181818181818183	0.049704
71														0.092571	0.09239499999999999	99.81						
71.qualimap	38.005122732123795	104	100.0	100.0	99.98660953401178	99.9419746473844	99.93304767005891	359														
71.sort									408.9763	0.22	99.8098756630046	0.09239499999999999	0.092571									
71_S27.R1																	91.8694942903752	37.0	108.0305383360522	107	9.090909090909092	0.045974999999999995
71_S27.R2																	91.79771615008157	38.0	109.35382272974442	107	18.181818181818183	0.045974999999999995
72														0.094272	0.093162	98.82						
72.qualimap	37.74865936115645	103	100.0	100.0	100.0	100.0	100.0	332														
72.sort									373.9714	0.13999999999999999	98.82255600814665	0.093162	0.094272									
72_S28.R1																	83.27404409415273	38.0	107.02121631696666	107	18.181818181818183	0.046945
72_S28.R2																	83.33368835871765	38.0	109.064373202684	107	18.181818181818183	0.046945
73														0.099684	0.099383	99.7						
73.qualimap	37.98219431864965	104	100.0	100.0	100.0	100.0	100.0	377														
73.sort									423.7872	0.19	99.69804582480639	0.099383	0.099684									
73_S29.R1																	88.84017858946646	38.0	108.26857108224408	107	9.090909090909092	0.049498999999999994
73_S29.R2																	88.90684660296168	38.0	109.47320147881776	107	18.181818181818183	0.049498999999999994
74														0.088867	0.085538	96.25						
74.qualimap	37.723291099640214	103	100.0	100.0	100.0	100.0	99.72326370291019	250														
74.sort									278.8335	0.16	96.25395253581195	0.085538	0.088867									
74_S30.R1																	70.1907826165768	39.0	102.60286853672905	102	36.36363636363637	0.044134
74_S30.R2																	69.71949064213533	39.0	103.85403543753115	102	36.36363636363637	0.044134
75														0.09987299999999999	0.09951	99.64						
75.qualimap	38.120334952961855	104	100.0	100.0	100.0	100.0	100.0	373														
75.sort									421.7566	0.13	99.63653840377279	0.09951	0.09987299999999999									
75_S31.R1																	88.34164588528678	38.0	108.14956560212373	107	18.181818181818183	0.049724
75_S31.R2																	88.38589011342611	38.0	109.4398680717561	107	18.181818181818183	0.049724
76														0.11835899999999999	0.11780499999999999	99.53						
76.qualimap	38.08751211774037	104	100.0	100.0	100.0	100.0	100.0	447														
76.sort									494.5643	0.15	99.53193251041324	0.11780499999999999	0.11835899999999999									
76_S32.R1																	87.66813858695652	38.0	108.20512907608696	107	18.181818181818183	0.058879999999999995
76_S32.R2																	87.47282608695652	38.0	109.3274116847826	107	18.181818181818183	0.058879999999999995
77														0.10081699999999999	0.10032999999999999	99.52						
77.qualimap	38.23120950323974	104	100.0	100.0	100.0	100.0	100.0	360														
77.sort									403.4638	0.19	99.51694654671334	0.10032999999999999	0.10081699999999999									
77_S33.R1																	84.07545514367186	38.0	106.95158427884903	107	18.181818181818183	0.050149
77_S33.R2																	84.0515264511755	38.0	108.86508205547469	107	27.27272727272727	0.050149
78														0.120387	0.11967499999999999	99.41						
78.qualimap	38.32654957717683	103	100.0	100.0	100.0	100.0	100.0	422														
78.sort									469.5108	0.19	99.40857401546678	0.11967499999999999	0.120387									
78_S34.R1																	82.90361365306259	38.0	106.33770289225836	107	9.090909090909092	0.059884
78_S34.R2																	82.91864270923786	38.0	108.24388818382205	107	18.181818181818183	0.059884
79														0.094493	0.09417299999999999	99.66						
79.qualimap	37.897345522634666	104	100.0	100.0	99.99553651133726	99.95982860203534	99.93304767005891	360														
79.sort									396.1616	0.24	99.66135057623316	0.09417299999999999	0.094493									
79_S35.R1																	87.39110988051372	38.0	108.9323763072139	107	18.181818181818183	0.046951
79_S35.R2																	87.52103256586653	38.0	109.80941832974804	107	18.181818181818183	0.046951
80														0.11387499999999999	0.11308	99.3						
80.qualimap	38.17704011065007	103	100.0	100.0	100.0	100.0	100.0	366														
80.sort									410.1531	0.13999999999999999	99.30186608122942	0.11308	0.11387499999999999									
80_S36.R1																	77.68720714348864	38.0	106.82901600212183	107	18.181818181818183	0.056554999999999994
80_S36.R2																	77.56873839625143	38.0	107.80157368932898	107	18.181818181818183	0.056554999999999994
81														0.13313999999999998	0.132723	99.69						
81.qualimap	38.0243172752378	104	100.0	100.0	100.0	100.0	100.0	524														
81.sort									568.6912	0.16	99.68679585398829	0.132723	0.13313999999999998									
81_S37.R1																	90.03110091189082	38.0	108.77492602210279	107	18.181818181818183	0.066236
81_S37.R2																	89.94504499063953	38.0	109.16151337641162	107	18.181818181818183	0.066236
82														0.10148199999999999	0.101147	99.67						
82.qualimap	38.153950527084874	104	100.0	100.0	100.0	99.98214604534904	99.93304767005891	382														
82.sort									417.988	0.24	99.6698921976311	0.101147	0.10148199999999999									
82_S38.R1																	86.37534680935394	38.0	108.21549742370195	107	18.181818181818183	0.05046
82_S38.R2																	86.27031311930241	38.0	109.52497027348394	107	18.181818181818183	0.05046
83														0.09533	0.09514099999999999	99.8						
83.qualimap	38.00639682364617	104	100.0	100.0	99.99107302267453	99.93304767005891	99.93304767005891	363														
83.sort									395.6526	0.22	99.80174131962656	0.09514099999999999	0.09533									
83_S39.R1																	86.44908120424482	38.0	108.42308909470664	107	9.090909090909092	0.047399
83_S39.R2																	86.37523998396591	38.0	110.12880018565792	107	18.181818181818183	0.047399
84														0.09483	0.094625	99.78						
84.qualimap	38.031038687506936	104	100.0	100.0	100.0	100.0	100.0	362														
84.sort									393.588	0.19	99.78382368448803	0.094625	0.09483									
84_S40.R1																	86.26366641240783	38.0	109.28457920162725	107	9.090909090909092	0.047195999999999995
84_S40.R2																	86.27214170692432	38.0	110.21758199847444	107	18.181818181818183	0.047195999999999995
85														0.08920199999999999	0.08898099999999999	99.75						
85.qualimap	37.95566902634328	104	100.0	100.0	100.0	100.0	100.0	346														
85.sort									375.7445	0.19	99.75224770745051	0.08898099999999999	0.08920199999999999									
85_S41.R1																	87.37945020279405	38.0	108.52429022082019	107	18.181818181818183	0.044379999999999996
85_S41.R2																	87.38621000450654	38.0	109.56415051825147	107	18.181818181818183	0.044379999999999996
86														0.11187599999999999	0.111426	99.6						
86.qualimap	38.33131332260202	102	100.0	100.0	100.0	100.0	100.0	418														
86.sort									460.8523	0.13999999999999999	99.59776895848975	0.111426	0.11187599999999999									
86_S42.R1																	88.25121431003889	38.0	104.63429104009464	102	18.181818181818183	0.055792999999999995
86_S42.R2																	88.05584930009141	38.0	106.68026454931622	102	18.181818181818183	0.055792999999999995
87														0.134956	0.134482	99.65						
87.qualimap	37.993254095727586	102	100.0	100.0	100.0	100.0	100.0	483														
87.sort									543.9207	0.18	99.64877441536501	0.134482	0.134956									
87_S43.R1																	86.64898846944553	38.0	106.33980871793344	102	9.090909090909092	0.06712599999999999
87_S43.R2																	86.58492983344755	38.0	107.43293209784584	107	18.181818181818183	0.06712599999999999
AL														0.382494	0.38054899999999997	99.49						
AL.qualimap	38.111120660020624	102	100.0	100.0	100.0	100.0	100.0	1344														
AL.sort									1525.3262	0.37	99.49149529142942	0.38054899999999997	0.382494									
AL_S9.R1																	87.33284411806629	38.0	106.63339474920679	102	18.181818181818183	0.189419
AL_S9.R2																	79.75229517630227	38.0	110.10593446275189	107	27.27272727272727	0.189419
DC														0.527076	0.524434	99.5						
DC.qualimap	38.100787401574806	102	100.0	100.0	100.0	100.0	100.0	1942														
DC.sort									2163.8155	0.31	99.49874401414597	0.524434	0.527076									
DC_S14.R1																	88.82395602717764	38.0	106.96785250782503	107	18.181818181818183	0.26198
DC_S14.R2																	81.78715932513933	38.0	110.41039774028552	107	27.27272727272727	0.26198
JC														0.516544	0.513193	99.35						
JC.qualimap	37.94968263820756	103	100.0	100.0	100.0	100.0	99.99107302267453	1956														
JC.sort									2180.5885	0.49	99.35126533267254	0.513193	0.516544									
JC_S13.R1																	91.58530479409188	38.0	108.52301211040181	107	18.181818181818183	0.255648
JC_S13.R2																	81.14634184503693	38.0	113.11937116660408	112	18.181818181818183	0.255648
JM														0.5739369999999999	0.568777	99.1						
JM.qualimap	38.050009673050894	103	100.0	100.0	100.0	100.0	100.0	2030														
JM.sort									2257.0016	0.49	99.10094661957672	0.568777	0.5739369999999999									
JM_S12.R1																	86.57649673643934	38.0	107.29227506752194	107	18.181818181818183	0.284352
JM_S12.R2																	75.48707236101733	38.0	112.56776108485258	112	18.181818181818183	0.284352
KV														0.35057099999999997	0.34809199999999996	99.29						
KV.qualimap	37.86041762729728	103	100.0	100.0	100.0	100.0	100.0	1196														
KV.sort									1325.2824	0.38	99.29286792119143	0.34809199999999996	0.35057099999999997									
KV_S3.R1																	82.507313864317	38.0	105.72775113819309	102	18.181818181818183	0.17330099999999998
KV_S3.R2																	75.0330350084535	38.0	109.71082105700486	107	27.27272727272727	0.17330099999999998
LV														0.5847169999999999	0.5800649999999999	99.2						
LV.qualimap	37.95897351777937	103	100.0	100.0	100.0	100.0	100.0	2174														
LV.sort									2396.7642	0.51	99.20440144548559	0.5800649999999999	0.5847169999999999									
LV_S2.R1																	89.44425255595468	38.0	108.01118748273004	107	18.181818181818183	0.28952
LV_S2.R2																	77.82053053329649	38.0	113.60464907432993	112	18.181818181818183	0.28952
MC														0.43565099999999995	0.43161299999999997	99.07						
MC.qualimap	38.21869092303898	102	100.0	100.0	100.0	100.0	99.98660953401178	1425														
MC.sort									1594.0688	0.43	99.07311127485075	0.43161299999999997	0.43565099999999995									
MC_S16.R1																	80.56874890055458	38.0	106.1572322676814	102	18.181818181818183	0.216018
MC_S16.R2																	73.61377292633021	38.0	109.33957355405568	107	27.27272727272727	0.216018
ML														0.564712	0.560703	99.29						
ML.qualimap	38.117613934980106	102	100.0	100.0	100.0	100.0	100.0	2074														
ML.sort									2326.8874	0.32	99.29008060746008	0.560703	0.564712									
ML_S10.R1																	90.34029361459521	38.0	107.71340507411631	107	18.181818181818183	0.28064
ML_S10.R2																	82.95431870011402	38.0	110.02002921892816	107	27.27272727272727	0.28064
NS														0.580346	0.573731	98.86						
NS.qualimap	37.943922175933004	102	100.0	100.0	100.0	100.0	100.0	1818														
NS.sort									2001.9579	0.38999999999999996	98.86016273050903	0.573731	0.580346									
NS_S5.R1																	76.53721457692683	38.0	103.97814017560215	102	27.27272727272727	0.287468
NS_S5.R2																	69.81264001558435	38.0	108.06656045194596	107	27.27272727272727	0.287468
PM														0.27960199999999996	0.277401	99.21						
PM.qualimap	38.00316429686858	102	100.0	100.0	100.0	99.99107302267453	99.98660953401178	947														
PM.sort									1062.3809	0.44999999999999996	99.21280963655482	0.277401	0.27960199999999996									
PM_S15.R1																	82.28480041494673	38.0	105.66467117633074	102	27.27272727272727	0.138813
PM_S15.R2																	74.46780921095286	38.0	109.98899958937564	107	27.27272727272727	0.138813
PP														0.31625	0.314791	99.54						
PP.qualimap	37.829598999903816	104	100.0	100.0	100.0	100.0	100.0	1259														
PP.sort									1361.6862	0.33999999999999997	99.53865612648222	0.314791	0.31625									
PP_S7.R1																	91.65534268598442	37.0	108.84243398597741	107	18.181818181818183	0.156747
PP_S7.R2																	84.18215340644478	38.0	111.3622780659279	107	27.27272727272727	0.156747
PV														0.587769	0.582171	99.05						
PV.qualimap	37.8584962861907	103	100.0	100.0	100.0	100.0	100.0	2101														
PV.sort									2304.168	0.48	99.04758502064587	0.582171	0.587769									
PV_S1.R1																	85.14249207423258	38.0	107.46961417055084	107	18.181818181818183	0.291139
PV_S1.R2																	75.22970127670975	38.0	111.89372086872594	107	18.181818181818183	0.291139
PZ														0.471421	0.465833	98.81						
PZ.qualimap	38.007261981123435	103	100.0	100.0	100.0	100.0	100.0	1707														
PZ.sort									1906.2132	0.5599999999999999	98.8146476291892	0.465833	0.471421									
PZ_S8.R1																	89.15603785229376	38.0	107.74345985051087	107	18.181818181818183	0.23332799999999998
PZ_S8.R2																	74.73899403414936	38.0	114.88124014263182	112	27.27272727272727	0.23332799999999998
RQ														0.332723	0.330825	99.43						
RQ.qualimap	37.91841827430656	103	100.0	100.0	100.0	100.0	100.0	1192														
RQ.sort									1364.8948	0.37	99.42955551615007	0.330825	0.332723									
RQ_S6.R1																	88.51776175780469	38.0	107.85486834047765	107	9.090909090909092	0.164933
RQ_S6.R2																	79.20913340568595	38.0	112.03988892459363	107	27.27272727272727	0.164933
VM														0.669659	0.664929	99.29						
VM.qualimap	38.01065335386243	103	100.0	100.0	100.0	100.0	100.0	2532														
VM.sort									2808.1333	0.47000000000000003	99.2936703605865	0.664929	0.669659									
VM_S4.R1																	91.13737075332348	38.0	107.38040113475348	107	9.090909090909092	0.332407
VM_S4.R2																	81.09125259095025	38.0	112.17060110045817	107	27.27272727272727	0.332407
YA														0.486209	0.48267899999999997	99.27						
YA.qualimap	38.19627026778745	102	100.0	100.0	100.0	100.0	100.0	1703														
YA.sort									1901.9764	0.38999999999999996	99.27397477216587	0.48267899999999997	0.486209									
YA_S11.R1																	85.53208763260251	38.0	106.07006548834589	102	18.181818181818183	0.241417
YA_S11.R2																	77.85698604489328	38.0	109.17361246308255	107	27.27272727272727	0.241417
